15 100
2 6 190
6 10 170
6 7 101
4 9 29
9 10 154
9 13 129
1 13 106
6 15 72
1 10 177
4 13 112
1 5 31
11 13 191
8 13 57
3 4 183
6 15 9
9 12 188
1 12 162
6 11 159
4 11 41
3 6 91
12 15 20
2 10 53
1 9 127
3 9 93
4 14 7
6 15 119
12 14 103
1 11 93
4 14 187
5 9 48
1 4 18
1 12 198
12 15 198
5 8 72
13 14 92
9 15 190
3 9 191
1 14 156
6 9 69
3 7 92
5 12 88
7 10 55
3 11 88
2 13 157
10 12 189
3 11 60
4 5 196
2 12 105
1 14 112
2 5 196
3 5 161
1 6 173
12 15 59
6 10 186
4 5 22
3 11 77
5 15 24
10 15 172
3 8 118
3 14 70
9 14 192
6 13 80
3 12 181
3 8 22
12 15 100
3 6 13
6 12 67
5 9 102
2 12 78
8 11 87
3 11 115
4 10 109
8 13 74
1 8 29
9 14 120
3 8 123
4 11 190
4 5 103
1 4 193
10 11 140
2 10 35
2 13 150
7 8 137
3 13 96
6 12 23
5 8 96
6 9 162
3 9 7
9 12 35
3 4 75
1 10 25
1 14 79
7 14 134
3 15 156
3 4 81
1 14 41
3 12 77
6 14 75
3 9 10
6 15 31
