1000 1000
36 305 604 663
158 747 874 779
20 52 202 916
21 54 263 762
23 823 287 839
589 270 658 363
338 175 500 516
358 87 671 135
593 24 797 348
13 681 126 748
8 631 15 946
30 71 59 627
519 476 818 678
36 35 393 105
934 53 972 157
620 440 643 641
814 47 988 210
146 325 958 932
77 288 877 578
164 23 205 748
423 318 426 501
414 262 957 668
99 129 824 345
272 326 337 893
77 412 102 421
32 230 352 286
516 420 863 687
358 213 435 850
32 20 350 639
281 41 658 793
162 190 489 212
46 206 104 258
291 30 678 290
610 143 927 702
173 175 740 476
88 27 325 704
684 3 694 117
537 398 909 973
39 102 184 186
49 103 795 722
125 291 364 810
784 604 863 813
129 270 640 695
342 444 398 865
166 243 333 375
297 21 347 34
169 366 571 563
541 11 637 11
126 36 172 391
435 195 555 424
38 56 118 116
330 63 332 201
259 116 928 159
157 115 192 247
21 124 162 675
150 210 685 369
22 19 111 789
212 220 564 231
202 31 698 72
151 200 272 560
56 8 70 303
178 63 549 332
2 44 6 555
252 27 275 359
255 64 500 845
97 477 427 965
118 12 388 994
563 425 905 550
587 368 852 386
56 427 69 663
469 90 569 377
581 27 735 70
2 45 266 333
521 37 649 96
48 323 441 376
672 130 926 608
192 414 345 609
26 42 271 47
35 510 423 658
17 346 79 613
145 92 298 95
335 206 542 259
32 181 635 732
41 36 691 702
138 12 662 273
124 94 319 988
602 77 997 509
300 19 473 47
69 35 493 511
369 356 770 401
184 175 484 398
209 465 451 706
749 291 978 358
51 121 345 222
40 204 730 693
52 45 91 540
20 172 50 743
432 307 495 336
66 297 86 592
353 270 650 710
25 72 67 99
138 403 320 718
195 179 762 225
437 256 764 279
17 517 22 756
19 8 92 261
7 855 205 996
11 6 58 119
23 80 217 162
291 299 880 695
846 193 919 245
848 249 875 632
117 2 388 830
270 647 442 961
192 366 308 478
245 166 597 683
406 76 844 79
421 693 774 694
147 518 290 616
21 416 248 572
170 195 753 879
77 500 191 879
216 305 356 690
470 41 724 55
23 260 486 873
303 561 919 765
77 250 381 379
17 55 950 192
249 78 422 134
8 281 12 439
24 176 128 677
16 79 84 491
180 54 715 116
194 262 881 832
30 513 211 620
567 29 811 205
198 54 690 813
169 72 603 659
247 46 687 145
691 43 987 55
3 404 171 868
16 33 52 230
774 153 850 254
245 162 810 338
402 105 502 440
187 138 450 673
259 97 818 118
166 96 173 300
98 28 167 543
60 86 772 111
270 878 716 956
376 44 645 228
3 193 20 277
55 54 301 139
113 215 257 567
476 385 866 482
203 149 376 923
121 45 385 136
329 89 443 104
587 2 684 54
194 444 330 539
3 287 30 832
21 264 398 429
213 151 262 244
138 903 518 951
10 530 87 608
257 12 712 32
37 767 85 905
100 151 796 675
463 256 506 902
188 593 330 879
108 477 122 515
76 256 817 365
137 36 972 948
134 4 979 103
5 804 8 933
372 114 608 278
1 422 180 440
135 204 318 588
328 16 454 32
130 1 396 24
107 302 971 660
26 123 115 239
106 131 171 894
73 55 523 606
16 87 45 314
857 356 901 366
182 146 398 636
8 334 11 853
121 14 513 322
453 88 912 347
565 467 592 727
521 97 684 158
442 290 823 434
128 253 151 296
46 241 283 405
204 123 258 260
101 845 933 961
631 251 659 903
87 86 629 193
392 525 702 586
10 171 19 183
70 113 478 379
109 280 135 465
141 10 725 84
206 55 396 316
2 199 218 834
106 432 378 721
34 75 307 603
199 615 785 903
78 150 281 267
77 160 83 184
169 15 267 376
25 614 43 724
163 287 557 721
275 374 442 375
777 10 977 21
728 557 923 974
324 675 592 804
834 607 987 833
204 604 208 1000
216 632 723 686
269 200 758 728
95 432 102 983
190 56 355 74
44 181 47 270
239 259 425 506
31 404 339 495
7 243 846 339
15 3 24 66
101 79 146 169
30 190 151 334
135 234 407 572
19 302 194 669
207 218 527 808
115 97 303 101
421 816 440 966
301 239 383 321
128 9 490 984
216 76 317 507
74 291 79 334
240 129 354 376
97 186 183 326
338 218 778 562
385 614 879 756
66 235 428 683
10 335 18 971
284 95 477 461
33 500 146 990
15 40 365 123
289 226 448 826
21 266 387 424
52 431 179 529
228 582 563 722
267 34 692 487
76 3 299 26
210 85 367 604
48 205 78 321
103 46 146 70
8 25 494 895
208 338 775 730
270 77 803 209
38 347 47 887
262 191 264 440
66 95 395 731
350 9 403 47
317 161 469 802
290 186 696 637
145 522 367 967
16 574 527 779
1 281 17 380
56 33 171 59
742 545 789 974
72 400 373 442
155 292 243 580
465 11 568 138
352 335 456 974
68 122 105 173
402 75 904 176
227 376 234 662
271 360 987 787
96 110 228 713
465 212 644 704
74 650 194 928
83 6 901 655
127 8 827 241
156 3 416 526
190 526 539 848
251 214 634 997
22 705 61 786
267 684 490 850
684 109 777 114
35 282 120 665
28 163 257 511
27 394 36 533
452 367 733 753
183 162 749 686
217 313 471 317
15 296 166 481
26 9 947 29
5 303 45 357
327 256 868 390
182 305 923 351
373 556 455 631
84 139 316 654
159 489 322 930
135 121 762 147
127 116 175 457
61 681 813 841
288 65 582 198
863 355 900 467
11 117 449 586
15 562 239 974
401 17 903 54
172 195 553 533
299 154 989 201
14 453 41 522
50 19 71 119
676 386 937 691
225 868 276 934
428 58 907 104
316 63 510 178
79 51 710 900
3 55 100 438
155 383 311 386
704 147 856 646
177 235 337 730
6 5 15 27
42 33 131 608
702 237 785 610
387 609 509 840
452 68 629 97
322 691 834 916
482 250 913 375
6 120 104 657
8 166 35 394
1 787 2 825
198 296 435 856
40 677 48 878
616 104 974 705
498 25 972 287
134 108 662 329
236 373 337 697
94 445 443 626
582 238 803 692
884 99 899 212
75 5 90 137
575 814 842 940
17 241 227 422
5 76 751 182
121 195 230 239
36 19 216 698
218 16 389 48
161 212 259 489
468 819 625 910
632 28 849 40
667 238 814 679
355 3 860 22
114 8 260 164
846 22 861 580
240 238 627 802
290 93 642 175
85 286 436 755
64 36 146 66
130 228 745 729
398 134 750 228
188 94 743 862
556 6 793 383
360 34 537 145
125 460 672 647
343 204 401 232
264 78 297 158
350 55 886 83
334 17 662 97
91 103 310 533
69 13 268 264
222 201 760 583
14 206 229 777
1 321 8 336
50 379 493 736
13 83 170 749
193 150 197 358
232 216 243 295
314 119 910 184
453 116 766 293
328 88 421 693
27 50 381 206
252 88 294 188
647 485 936 614
19 105 324 231
76 134 526 302
457 251 485 739
213 25 383 260
24 685 304 922
79 51 479 722
588 38 909 159
33 216 772 232
13 340 462 373
127 159 674 438
232 331 528 581
67 143 840 354
180 106 627 352
64 335 74 735
883 18 893 463
464 508 694 913
277 312 285 827
469 145 616 323
55 96 903 227
591 88 932 471
15 8 822 120
582 100 855 890
468 750 704 814
257 81 726 282
25 271 108 453
92 30 127 492
56 2 70 623
74 84 93 416
162 743 536 923
28 32 165 93
64 325 906 659
114 400 292 576
94 139 380 368
28 23 859 43
633 37 665 361
25 664 776 893
405 333 816 536
552 291 629 596
264 379 606 519
202 261 446 565
47 25 284 471
262 99 513 216
288 298 928 406
123 466 298 662
149 57 197 121
64 26 68 699
353 16 569 283
840 483 847 919
235 255 742 521
48 16 88 102
70 157 859 773
106 198 434 786
160 87 259 120
12 77 170 221
106 79 503 623
536 46 894 295
241 255 815 510
269 72 963 375
36 245 147 689
442 85 474 301
411 3 772 73
33 53 646 112
30 4 86 488
184 80 782 87
203 92 596 205
732 78 931 822
10 41 510 59
420 11 711 275
129 94 348 180
202 218 291 511
708 32 998 44
80 79 130 671
81 158 227 281
133 54 454 70
40 192 129 946
26 206 221 715
19 33 894 504
13 364 14 755
495 281 799 322
14 352 344 572
80 658 204 696
620 7 766 16
161 267 314 268
138 86 334 165
116 35 668 716
397 621 470 730
95 748 403 889
209 17 461 608
66 26 304 99
200 138 467 643
666 245 910 453
176 169 617 469
135 358 536 641
236 59 371 65
260 119 306 228
134 139 835 539
911 457 990 805
588 135 800 575
305 98 380 251
53 129 71 478
77 2 119 5
122 148 422 290
197 353 517 836
116 60 726 328
38 79 485 103
26 85 29 108
109 133 710 648
90 62 477 443
788 171 800 403
652 562 692 752
265 665 587 846
34 10 173 456
87 84 558 252
347 422 712 988
906 464 987 805
411 400 600 993
324 440 395 548
53 238 299 973
84 343 818 614
352 349 421 631
36 594 882 994
367 58 981 262
364 19 419 270
155 10 614 543
80 22 90 90
20 135 62 149
107 77 114 229
21 446 211 570
390 249 916 780
174 59 394 754
80 290 375 700
108 88 242 596
17 99 37 499
329 113 999 752
2 544 332 547
340 737 469 861
984 386 992 727
197 11 833 549
156 90 248 376
202 113 323 247
33 96 97 946
20 59 49 135
4 503 34 555
238 759 767 965
144 305 691 571
435 30 472 690
143 77 418 332
452 28 931 435
475 172 732 610
121 4 745 31
47 352 585 491
7 146 455 219
21 261 789 603
332 62 644 453
18 67 136 242
94 760 676 955
328 95 564 566
438 534 948 755
236 281 245 419
197 84 637 695
390 79 649 567
58 507 371 719
261 131 312 209
99 16 515 16
91 881 933 988
22 340 743 527
39 233 945 351
37 47 45 233
691 71 799 451
27 88 170 746
173 174 307 597
604 276 964 621
129 10 608 693
42 868 571 891
78 209 241 430
8 165 14 862
59 75 313 76
667 480 821 709
653 622 658 837
413 418 457 606
173 869 298 996
22 832 238 862
239 305 291 886
72 61 748 854
51 102 281 502
370 221 563 558
193 556 747 935
324 191 540 412
58 205 759 793
180 12 654 143
25 129 29 350
188 65 555 771
120 404 272 431
66 3 340 218
82 45 152 949
234 120 360 315
9 114 459 641
410 165 784 645
292 549 994 712
383 107 482 829
33 599 259 668
151 46 238 696
141 356 644 380
14 10 46 16
313 793 657 939
373 200 583 729
388 188 440 245
15 124 73 560
53 149 580 669
558 9 716 19
67 115 750 341
653 365 708 538
31 412 477 620
344 327 348 461
4 130 57 517
164 9 429 438
76 28 107 795
73 184 813 380
63 781 72 950
9 316 487 361
79 2 980 2
4 40 462 120
364 65 636 525
424 97 962 162
287 121 308 246
35 50 978 478
181 618 779 743
79 435 103 675
85 129 676 361
360 468 480 577
76 415 101 710
187 179 871 305
650 102 903 779
321 387 608 683
3 17 777 108
130 240 134 285
650 52 997 777
296 6 353 8
571 411 717 529
99 88 185 755
82 29 885 116
80 34 150 246
511 256 705 583
123 43 219 526
94 7 302 998
1 33 5 41
364 107 569 380
193 372 486 830
215 290 298 510
78 164 107 443
353 596 377 938
163 118 464 701
124 56 698 909
128 19 949 284
313 502 663 842
201 321 671 518
120 66 379 84
648 60 878 547
202 301 485 350
17 35 50 714
155 386 622 538
97 189 174 280
216 27 473 118
464 367 987 558
851 224 994 933
350 317 480 849
66 220 550 381
254 39 446 382
151 446 272 852
150 472 483 485
100 301 954 320
77 575 229 913
150 30 198 507
345 257 707 329
25 197 61 310
20 315 43 905
3 240 756 970
195 18 806 742
52 642 413 644
568 458 908 707
486 272 565 715
90 456 395 828
313 23 489 85
198 98 342 589
130 717 558 955
11 461 48 880
453 136 875 876
592 14 935 18
39 23 84 76
168 41 255 352
628 130 788 244
227 742 832 823
35 177 129 912
60 371 144 634
505 13 861 87
295 94 456 447
18 129 522 767
106 906 118 949
35 728 544 849
148 190 672 611
329 18 522 627
128 121 260 314
268 209 752 242
100 562 688 912
42 33 678 115
52 48 415 263
37 136 112 436
287 66 398 207
289 445 833 613
6 19 279 26
590 117 620 181
37 29 92 39
410 309 506 612
583 32 874 318
15 504 105 969
75 8 175 757
82 174 369 413
382 59 439 365
172 317 545 321
38 5 360 287
137 5 898 24
109 81 693 717
652 282 686 579
220 56 335 776
55 312 189 668
5 62 384 434
70 11 106 455
24 319 94 673
115 65 696 169
179 275 237 574
487 300 504 539
245 152 315 704
111 108 723 297
60 541 82 572
5 120 26 303
136 6 327 37
115 442 205 927
216 2 500 2
193 160 893 200
159 190 255 788
436 519 436 597
58 546 168 821
190 155 475 412
529 5 800 477
43 256 403 993
263 240 347 511
88 47 710 153
293 376 940 561
245 29 509 727
573 75 899 652
48 216 416 587
31 61 63 758
73 7 750 15
687 11 877 32
166 476 184 834
203 255 394 544
282 77 622 445
247 45 449 205
431 207 791 476
24 335 233 648
13 445 14 446
351 195 477 467
488 4 653 79
30 245 623 688
117 82 485 284
149 632 488 713
1 421 188 577
107 171 577 210
5 484 7 887
496 52 705 658
108 712 737 982
13 506 21 758
11 38 41 422
110 323 134 936
94 90 513 698
31 68 259 550
100 494 788 861
202 608 519 946
39 300 279 659
389 188 416 622
2 178 43 944
851 194 880 551
185 211 600 294
827 206 844 213
32 117 74 276
109 24 221 28
113 455 686 866
263 883 839 953
411 128 896 302
19 452 852 611
13 6 904 53
379 44 618 837
91 130 112 204
184 31 231 887
371 943 752 980
176 533 284 631
91 136 284 584
392 451 546 528
549 550 932 948
48 248 136 277
451 712 481 928
628 452 814 466
63 82 797 348
283 20 330 33
748 515 969 621
316 13 500 35
333 470 982 863
69 49 139 923
77 17 202 350
118 613 815 660
45 122 360 142
128 6 175 7
9 128 627 400
559 121 787 323
53 676 537 889
21 62 163 656
3 142 5 679
94 5 690 15
91 684 509 826
178 68 832 743
443 281 494 536
401 395 858 845
78 261 86 340
317 352 995 418
75 91 448 399
539 275 766 304
476 665 481 979
475 215 721 484
1 230 19 409
213 202 254 245
291 185 584 746
144 5 163 958
96 122 356 154
395 291 809 340
318 39 318 701
68 130 184 426
136 25 187 96
483 88 692 108
55 123 854 123
11 437 80 540
9 62 45 132
143 185 471 302
118 92 354 447
221 411 224 427
202 919 875 930
10 5 37 34
140 237 157 804
24 158 695 291
101 893 422 931
32 64 584 437
827 108 883 855
517 239 633 621
130 36 550 69
79 9 102 25
135 87 180 789
104 853 431 868
96 734 798 908
326 80 345 125
24 317 331 495
59 113 116 553
604 119 621 302
303 76 678 783
85 355 923 825
558 43 692 400
575 1 660 4
71 460 128 595
37 558 90 619
61 144 171 299
865 455 953 528
192 195 310 195
196 142 371 274
257 334 674 846
689 148 849 181
139 218 776 621
126 114 591 263
256 34 914 49
200 415 576 471
470 389 665 390
8 41 15 757
373 394 954 409
131 69 941 411
285 174 384 267
440 36 882 760
13 385 809 693
133 181 163 210
321 174 599 441
63 152 197 720
49 69 128 377
137 523 139 785
41 286 404 771
80 44 883 286
97 36 330 90
78 21 299 46
216 36 838 294
5 55 13 219
317 87 595 192
960 335 977 398
17 88 521 158
446 32 795 94
322 186 535 222
435 458 620 696
844 354 989 648
197 166 219 731
251 40 923 106
127 168 856 209
131 162 366 997
196 51 442 926
14 119 147 957
4 345 4 946
697 164 945 769
329 180 500 243
325 556 348 577
109 1 137 5
15 384 353 411
122 2 336 3
20 35 311 280
208 523 225 878
38 147 647 352
920 8 946 11
201 429 940 942
283 41 946 129
444 228 540 648
62 313 650 563
44 42 194 365
51 46 242 281
386 930 984 975
237 24 338 303
57 542 244 773
80 145 253 338
35 356 337 632
69 389 194 431
159 115 795 275
74 91 555 449
45 10 775 13
93 264 667 392
288 30 516 148
76 174 837 993
512 255 624 282
38 51 65 161
82 12 435 66
232 62 866 579
105 10 591 50
79 310 793 547
32 209 46 674
56 302 666 340
811 391 974 565
62 146 77 366
70 98 783 551
289 72 481 82
32 277 483 743
585 688 641 902
569 5 575 12
233 677 351 974
66 2 891 42
479 16 759 17
542 400 567 681
24 50 114 180
225 65 922 851
602 9 752 159
100 353 170 520
407 385 494 853
105 5 246 964
898 4 980 179
86 240 211 438
9 80 617 116
158 719 967 848
39 123 358 757
103 10 276 16
505 1 868 1
470 121 965 206
195 231 384 717
118 476 506 489
718 183 957 247
101 804 446 873
682 257 981 739
57 193 107 782
440 100 783 232
43 174 437 907
120 482 623 587
44 33 76 93
307 137 339 671
396 524 543 649
131 847 740 970
69 28 751 858
84 108 90 257
403 114 515 377
8 391 963 520
162 303 612 924
790 21 946 78
47 93 79 726
664 308 695 491
683 143 701 833
20 292 442 665
19 356 41 421
162 257 292 766
8 339 41 517
826 26 947 698
420 471 423 538
268 82 381 856
223 130 688 300
86 357 964 592
4 191 12 233
210 392 351 455
82 99 323 171
294 644 868 905
113 176 795 486
256 30 341 730
17 346 29 828
53 191 419 593
83 529 178 762
271 192 568 700
